2 0.70546875 0.37421875 0.5890625 0.7328125
2 0.18046875 0.2296875 0.3609375 0.459375
0 0.309375 0.3796875 0.3373046875 0.6033203125
0 0.56875 0.7015625 0.1408203125 0.1283203125
0 0.98984375 0.809375 0.0203125 0.1748046875
0 0.871875 0.72109375 0.1283203125 0.1265625
0 0.1890625 0.75625 0.1310546875 0.1125
1 0.65 0.828125 0.0595703125 0.3091796875
1 0.79765625 0.85859375 0.0640625 0.2265625
1 0.89609375 0.8859375 0.0859375 0.2220703125
1 0.4796875 0.8234375 0.0404296875 0.278125
1 0.521875 0.81875 0.0529296875 0.3158203125
1 0.4578125 0.78125 0.0376953125 0.26875
1 0.3859375 0.79140625 0.05 0.2546875
1 0.415625 0.7765625 0.0185546875 0.2748046875
1 0.29921875 0.9 0.0765625 0.1998046875
1 0.3296875 0.80625 0.0658203125 0.2595703125
1 0.27265625 0.8 0.0484375 0.2873046875