1 0.4734375 0.7125 0.17109375 0.575
1 0.5796875 0.734375 0.08515625 0.421875
1 0.6640625 0.7671875 0.08515625 0.32890625
1 0.7234375 0.7484375 0.05625 0.37421875
1 0.790625 0.60625 0.08515625 0.18125
1 0.77734375 0.7828125 0.0484375 0.14140625
1 0.88125 0.84921875 0.0625 0.3015625
1 0.8359375 0.71015625 0.08046875 0.3234375
1 0.9171875 0.6625 0.053125 0.1125
1 0.9328125 0.875 0.04296875 0.2
1 0.9421875 0.60234375 0.03984375 0.0984375
1 0.98203125 0.5984375 0.0359375 0.15859375
0 0.20546875 0.4296875 0.4109375 0.68671875