2 0.271875 0.3453125 0.52890625 0.68984375
2 0.759375 0.171875 0.48046875 0.31015625
0 0.6859375 0.4765625 0.40625 0.428125
0 0.41484375 0.69921875 0.1515625 0.1703125
1 0.1015625 0.8734375 0.11328125 0.24765625
1 0.20625 0.8578125 0.10078125 0.28125
1 0.340625 0.81328125 0.12734375 0.3265625
1 0.4734375 0.81328125 0.084375 0.3265625
1 0.534375 0.78828125 0.09609375 0.3171875
1 0.59375 0.7875 0.08671875 0.31484375
1 0.6109375 0.80625 0.06953125 0.30546875
1 0.6609375 0.8109375 0.071875 0.30078125
1 0.73046875 0.8203125 0.0890625 0.35546875
1 0.7015625 0.88359375 0.08203125 0.2328125