1 0.4734375 0.7125 0.1716796875 0.575
1 0.5796875 0.734375 0.0845703125 0.421875
1 0.6640625 0.7671875 0.0845703125 0.3283203125
1 0.7234375 0.7484375 0.05625 0.3748046875
1 0.790625 0.60625 0.0845703125 0.18125
1 0.77734375 0.7828125 0.0484375 0.1408203125
1 0.88125 0.84921875 0.0625 0.3015625
1 0.8359375 0.71015625 0.0810546875 0.3234375
1 0.9171875 0.6625 0.053125 0.1125
1 0.9328125 0.875 0.0435546875 0.2
1 0.9421875 0.60234375 0.0404296875 0.0984375
1 0.98203125 0.5984375 0.0359375 0.1591796875
0 0.20546875 0.4296875 0.4109375 0.6873046875