2 0.271875 0.3453125 0.5283203125 0.6904296875
2 0.759375 0.171875 0.4810546875 0.3095703125
0 0.6859375 0.4765625 0.40625 0.428125
0 0.41484375 0.69921875 0.1515625 0.1703125
1 0.1015625 0.8734375 0.1126953125 0.2470703125
1 0.20625 0.8578125 0.1001953125 0.28125
1 0.340625 0.81328125 0.1279296875 0.3265625
1 0.4734375 0.81328125 0.084375 0.3265625
1 0.534375 0.78828125 0.0966796875 0.3171875
1 0.59375 0.7875 0.0873046875 0.3154296875
1 0.6109375 0.80625 0.0689453125 0.3060546875
1 0.6609375 0.8109375 0.071875 0.3001953125
1 0.73046875 0.8203125 0.0890625 0.3560546875
1 0.7015625 0.88359375 0.0814453125 0.2328125