0 0.63125 0.32890625 0.4283203125 0.2890625
0 0.56953125 0.584375 0.0765625 0.0783203125
0 0.46171875 0.58125 0.0671875 0.0845703125
0 0.5796875 0.7125 0.06875 0.09375
0 0.71953125 0.69375 0.0703125 0.0875
0 0.8421875 0.69296875 0.0841796875 0.0859375
0 0.8390625 0.5859375 0.0501953125 0.04375
0 0.71015625 0.59375 0.0671875 0.04375
0 0.70625 0.5296875 0.071875 0.0685546875
0 0.8390625 0.515625 0.1404296875 0.0841796875
0 0.7234375 0.79140625 0.0716796875 0.0546875
0 0.46875 0.67890625 0.065625 0.0265625
2 0.5578125 0.0875 0.63125 0.175