2 0.275 0.36484375 0.55 0.7296875
2 0.80703125 0.1265625 0.3578125 0.1810546875
0 0.78125 0.2453125 0.2439453125 0.1658203125
0 0.409375 0.7734375 0.071875 0.1033203125
0 0.96171875 0.6203125 0.0765625 0.1466796875
1 0.15234375 0.90546875 0.0359375 0.0703125
1 0.68828125 0.6875 0.0328125 0.1439453125
1 0.58125 0.821875 0.0220703125 0.1783203125
1 0.60390625 0.84140625 0.0296875 0.1859375
1 0.8734375 0.8796875 0.0189453125 0.1845703125
1 0.96796875 0.94296875 0.0484375 0.1140625
1 0.984375 0.90859375 0.03125 0.1140625
1 0.890625 0.86484375 0.0904296875 0.1953125
1 0.7140625 0.690625 0.0279296875 0.15
1 0.73203125 0.6953125 0.0296875 0.1439453125
1 0.7625 0.6609375 0.0283203125 0.1033203125
1 0.784375 0.6515625 0.0251953125 0.1033203125
1 0.8109375 0.6765625 0.0220703125 0.1125
1 0.7921875 0.728125 0.040625 0.1283203125
1 0.6859375 0.93984375 0.0560546875 0.1203125