2 0.275 0.36484375 0.55 0.7296875
2 0.80703125 0.1265625 0.3578125 0.18046875
0 0.78125 0.2453125 0.24453125 0.16640625
0 0.409375 0.7734375 0.071875 0.10390625
0 0.96171875 0.6203125 0.0765625 0.14609375
1 0.15234375 0.90546875 0.0359375 0.0703125
1 0.68828125 0.6875 0.0328125 0.14453125
1 0.58125 0.821875 0.02265625 0.17890625
1 0.60390625 0.84140625 0.0296875 0.1859375
1 0.8734375 0.8796875 0.01953125 0.18515625
1 0.96796875 0.94296875 0.0484375 0.1140625
1 0.984375 0.90859375 0.03125 0.1140625
1 0.890625 0.86484375 0.08984375 0.1953125
1 0.7140625 0.690625 0.02734375 0.15
1 0.73203125 0.6953125 0.0296875 0.14453125
1 0.7625 0.6609375 0.02890625 0.10390625
1 0.784375 0.6515625 0.02578125 0.10390625
1 0.8109375 0.6765625 0.02265625 0.1125
1 0.7921875 0.728125 0.040625 0.12890625
1 0.6859375 0.93984375 0.05546875 0.1203125