2 0.7125 0.1453125 0.4185546875 0.290625
0 0.846875 0.38984375 0.2841796875 0.3890625
1 0.8296875 0.8015625 0.0814453125 0.3001953125
1 0.75078125 0.79921875 0.0578125 0.2765625
1 0.7046875 0.76484375 0.053125 0.1828125
1 0.39375 0.815625 0.0654296875 0.365625
1 0.35390625 0.78828125 0.0484375 0.2546875
1 0.5765625 0.77890625 0.0341796875 0.2015625
1 0.52734375 0.7734375 0.0484375 0.2251953125
1 0.471875 0.76875 0.053125 0.228125
1 0.25625 0.80078125 0.0654296875 0.3171875
1 0.2140625 0.78515625 0.053125 0.2859375
1 0.165625 0.790625 0.053125 0.28125
1 0.071875 0.821875 0.084375 0.3560546875