0 0.496875 0.134375 0.13046875 0.225
0 0.4296875 0.28671875 0.06171875 0.0734375
0 0.425 0.465625 0.06953125 0.16875
0 0.571875 0.5359375 0.06328125 0.2
0 0.68125 0.61328125 0.05078125 0.0859375
0 0.7921875 0.65 0.040625 0.10703125
0 0.7984375 0.840625 0.04765625 0.14296875
0 0.684375 0.81796875 0.028125 0.1703125
0 0.571875 0.7625 0.04609375 0.15546875
0 0.440625 0.70859375 0.059375 0.1515625
0 0.44140625 0.91953125 0.0421875 0.0921875
0 0.5859375 0.9359375 0.053125 0.125
0 0.7 0.94453125 0.03984375 0.1109375
0 0.1703125 0.7421875 0.1125 0.41640625