0 0.51328125 0.015625 0.0515625 0.03125
0 0.53046875 0.25078125 0.1015625 0.1140625
0 0.571875 0.38515625 0.028125 0.0671875
0 0.68828125 0.1390625 0.0703125 0.15
0 0.684375 0.24765625 0.05625 0.0765625
0 0.7046875 0.4421875 0.103125 0.28125
0 0.71015625 0.70546875 0.1015625 0.2046875
0 0.7 0.90234375 0.075 0.1734375
0 0.56796875 0.890625 0.0390625 0.053125
0 0.56953125 0.78125 0.0265625 0.0625
0 0.3734375 0.96484375 0.0625 0.0609375
0 0.3984375 0.67890625 0.053125 0.0796875
0 0.25546875 0.63671875 0.0359375 0.0578125
2 0.86953125 0.4921875 0.2328125 0.96875
2 0.3421875 0.1375 0.15625 0.24375
0 0.5046875 0.553125 0.1748046875 0.4091796875