0 0.67734375 0.14453125 0.0796875 0.1140625
0 0.69296875 0.26171875 0.0671875 0.0828125
0 0.70390625 0.44609375 0.1015625 0.2546875
0 0.7078125 0.7046875 0.10625 0.2
0 0.6921875 0.90390625 0.065625 0.1703125
0 0.56796875 0.89765625 0.0390625 0.0515625
0 0.5703125 0.79296875 0.028125 0.0578125
0 0.5703125 0.39296875 0.03125 0.0390625
0 0.5328125 0.24609375 0.10625 0.1015625
2 0.47734375 0.83515625 0.1390625 0.2984375
2 0.86640625 0.4921875 0.2578125 0.98125
2 0.37265625 0.32734375 0.2171875 0.6265625
0 0.50859375 0.015625 0.0484375 0.03125
0 0.39296875 0.684375 0.0546875 0.0625
0 0.37734375 0.9671875 0.0453125 0.04375
0 0.26015625 0.646875 0.0296875 0.059375