0 0.42890625 0.3625 0.0296875 0.0875
0 0.52109375 0.3734375 0.0515625 0.084375
0 0.58515625 0.40234375 0.0453125 0.0765625
0 0.66484375 0.4109375 0.0359375 0.075
0 0.58203125 0.26640625 0.0484375 0.0984375
0 0.66015625 0.290625 0.0515625 0.0875
0 0.7421875 0.259375 0.059375 0.096875
0 0.6390625 0.12734375 0.159375 0.1421875
0 0.41328125 0.1546875 0.0796875 0.0875
2 0.50546875 0.17421875 0.0921875 0.1640625
2 0.2921875 0.11640625 0.1375 0.2328125
2 0.5671875 0.04296875 0.409375 0.0796875
0 0.56484375 0.65234375 0.1453125 0.0796875