2 0.221875 0.32109375 0.396875 0.6109375
0 0.5171875 0.4265625 0.2125 0.634375
1 0.0796875 0.834375 0.06484375 0.31015625
1 0.1203125 0.8140625 0.02890625 0.29140625
1 0.16171875 0.85234375 0.0390625 0.2953125
1 0.20625 0.8203125 0.0625 0.32265625
1 0.2703125 0.778125 0.09609375 0.34609375
1 0.328125 0.8203125 0.046875 0.28671875
1 0.37890625 0.7890625 0.1328125 0.421875
1 0.43359375 0.878125 0.0546875 0.21875
1 0.4796875 0.88125 0.075 0.2375
1 0.5390625 0.753125 0.08828125 0.39609375
1 0.584375 0.7671875 0.04453125 0.32265625
1 0.6078125 0.73046875 0.08046875 0.3828125
1 0.65625 0.7 0.05703125 0.48671875
1 0.696875 0.765625 0.07265625 0.40078125
1 0.7515625 0.7484375 0.09609375 0.47421875
1 0.8 0.7984375 0.078125 0.26015625
1 0.85625 0.68125 0.09609375 0.54921875
1 0.96484375 0.725 0.0703125 0.47421875