2 0.221875 0.32109375 0.396875 0.6109375
0 0.5171875 0.4265625 0.2125 0.634375
1 0.0796875 0.834375 0.0654296875 0.3095703125
1 0.1203125 0.8140625 0.0283203125 0.2908203125
1 0.16171875 0.85234375 0.0390625 0.2953125
1 0.20625 0.8203125 0.0625 0.3220703125
1 0.2703125 0.778125 0.0966796875 0.3466796875
1 0.328125 0.8203125 0.046875 0.2873046875
1 0.37890625 0.7890625 0.1328125 0.421875
1 0.43359375 0.878125 0.0546875 0.21875
1 0.4796875 0.88125 0.075 0.2375
1 0.5390625 0.753125 0.0876953125 0.3966796875
1 0.584375 0.7671875 0.0439453125 0.3220703125
1 0.6078125 0.73046875 0.0810546875 0.3828125
1 0.65625 0.7 0.0564453125 0.4873046875
1 0.696875 0.765625 0.0720703125 0.4001953125
1 0.7515625 0.7484375 0.0966796875 0.4748046875
1 0.8 0.7984375 0.078125 0.2595703125
1 0.85625 0.68125 0.0966796875 0.5498046875
1 0.96484375 0.725 0.0703125 0.4748046875