0 0.6703125 0.5703125 0.334375 0.23125
2 0.7609375 0.25703125 0.303125 0.4859375
1 0.6609375 0.73671875 0.0810546875 0.3203125
1 0.74921875 0.7453125 0.0703125 0.296875
1 0.95546875 0.7890625 0.0890625 0.378125
1 0.8921875 0.7734375 0.0810546875 0.3341796875
1 0.4640625 0.7171875 0.0529296875 0.2158203125
1 0.4203125 0.7140625 0.0625 0.2091796875
1 0.3453125 0.421875 0.0810546875 0.1466796875
1 0.33125 0.6625 0.0373046875 0.1310546875
1 0.26875 0.7109375 0.0529296875 0.1935546875
1 0.1546875 0.69140625 0.0439453125 0.1796875
1 0.1203125 0.678125 0.0625 0.1466796875
1 0.040625 0.678125 0.0439453125 0.1845703125