0 0.1546875 0.56015625 0.053125 0.0296875
0 0.2203125 0.4703125 0.053125 0.075
0 0.26796875 0.48046875 0.0265625 0.0578125
0 0.23515625 0.5828125 0.0296875 0.04375
0 0.25546875 0.68125 0.0484375 0.053125
0 0.30234375 0.67421875 0.0140625 0.0390625
0 0.34375 0.678125 0.034375 0.053125
0 0.32890625 0.58828125 0.0765625 0.0828125
0 0.26796875 0.578125 0.0234375 0.04375
0 0.3359375 0.4890625 0.084375 0.075
0 0.46640625 0.48828125 0.0515625 0.0515625
0 0.471875 0.5765625 0.040625 0.04375
0 0.47421875 0.6609375 0.0453125 0.0625
0 0.54296875 0.50625 0.0515625 0.071875
0 0.54609375 0.5875 0.0515625 0.0625
0 0.54765625 0.665625 0.0515625 0.04375
0 0.4109375 0.4234375 0.053125 0.053125
0 0.52109375 0.42421875 0.0671875 0.0796875
0 0.73046875 0.46015625 0.1015625 0.0578125
0 0.67578125 0.50859375 0.0359375 0.0359375
0 0.68359375 0.5734375 0.0359375 0.034375
0 0.7765625 0.5859375 0.065625 0.196875
0 0.4015625 0.16015625 0.55234375 0.2921875