0 0.7234375 0.225 0.24375 0.2625
0 0.25234375 0.11640625 0.0390625 0.0390625
0 0.178125 0.18828125 0.03125 0.0265625
0 0.29765625 0.23515625 0.0296875 0.0265625
0 0.3421875 0.30390625 0.04375 0.1171875
0 0.7109375 0.78671875 0.5 0.2484375
0 0.321875 0.90234375 0.284375 0.0484375
2 0.70625 0.5671875 0.490625 0.18125
2 0.7796875 0.0921875 0.3125 0.103125
2 0.32421875 0.0671875 0.3015625 0.065625
2 0.40078125 0.234375 0.1265625 0.36875
0 0.16796875 0.27109375 0.0296875 0.0203125
0 0.2515625 0.31640625 0.040625 0.0921875