0 0.11796875 0.71640625 0.2328125 0.1734375
0 0.41796875 0.6625 0.1703125 0.128125
0 0.66171875 0.56484375 0.1734375 0.1734375
0 0.86015625 0.4859375 0.2390625 0.115625
2 0.47734375 0.25859375 0.9328125 0.5046875
2 0.39140625 0.55234375 0.3109375 0.1515625
1 0.46171875 0.903125 0.0703125 0.1748046875
1 0.07421875 0.884375 0.1109375 0.1841796875
1 0.14765625 0.878125 0.0734375 0.228125
1 0.2046875 0.8578125 0.06875 0.1623046875
1 0.56328125 0.92578125 0.1296875 0.1484375
1 0.6671875 0.91640625 0.0373046875 0.1453125
1 0.715625 0.915625 0.046875 0.13125
1 0.74921875 0.8578125 0.0421875 0.0845703125
1 0.9375 0.8421875 0.040625 0.1310546875