0 0.6703125 0.5703125 0.334375 0.23125
2 0.7609375 0.25703125 0.303125 0.4859375
1 0.6609375 0.73671875 0.08046875 0.3203125
1 0.74921875 0.7453125 0.0703125 0.296875
1 0.95546875 0.7890625 0.0890625 0.378125
1 0.8921875 0.7734375 0.08046875 0.33359375
1 0.4640625 0.7171875 0.05234375 0.21640625
1 0.4203125 0.7140625 0.0625 0.20859375
1 0.3453125 0.421875 0.08046875 0.14609375
1 0.33125 0.6625 0.03671875 0.13046875
1 0.26875 0.7109375 0.05234375 0.19296875
1 0.1546875 0.69140625 0.04453125 0.1796875
1 0.1203125 0.678125 0.0625 0.14609375
1 0.040625 0.678125 0.04453125 0.18515625