0 0.14453125 0.49140625 0.1421875 0.2015625
0 0.11640625 0.74765625 0.0765625 0.1296875
0 0.47265625 0.346875 0.1703125 0.221875
0 0.6140625 0.39609375 0.11875 0.1234375
0 0.72109375 0.20546875 0.0796875 0.0578125
0 0.759375 0.3796875 0.10625 0.125
0 0.85546875 0.24140625 0.0703125 0.1828125
0 0.91953125 0.24765625 0.0359375 0.1234375
0 0.14453125 0.075 0.0640625 0.0591796875
0 0.24609375 0.23359375 0.0984375 0.2765625
0 0.246875 0.57734375 0.071875 0.3609375
1 0.91328125 0.63984375 0.1734375 0.6171875