0 0.1296875 0.79140625 0.15625 0.1078125
0 0.2515625 0.5328125 0.09375 0.103125
0 0.54375 0.67734375 0.0875 0.1390625
0 0.4203125 0.753125 0.040625 0.053125
0 0.696875 0.78359375 0.0625 0.0609375
0 0.35078125 0.42890625 0.0359375 0.0515625
2 0.16328125 0.18515625 0.3203125 0.3703125
2 0.1140625 0.5390625 0.18125 0.315625
2 0.30625 0.721875 0.2 0.271875
2 0.49140625 0.19375 0.3484375 0.3875
2 0.77734375 0.66328125 0.1640625 0.2640625
2 0.6734375 0.4529296875 0.6671875 0.4529296875 0.6671875 0.4279296875 0.6625 0.4248046875 0.6671875 0.4216796875 0.65703125 0.4162109375 0.59140625 0.4146484375 0.39765625 0.4162109375 0.3921875 0.5779296875 0.409375 0.5888671875 0.4125 0.6873046875 0.4484375 0.6919921875 0.4515625 0.7451171875 0.4814453125 0.746875 0.4921595984375 0.746875 0.4984375 0.7419921875 0.5015625 0.5716796875 0.50859375 0.5662109375 0.54296875 0.5662109375 0.5515625 0.5716796875 0.55546875 0.6052734375 0.58671875 0.6052734375 0.59375 0.6138671875 0.5921875 0.7419921875 0.5984654015624999 0.746875 0.6531901046875 0.746875 0.6609375 0.7435546875 0.6625 0.7216796875 0.6765625 0.7013671875 0.6765625 0.4544921875 0.67421875 0.4349609375 0.6734375 0.4529296875