0 0.4265625 0.44375 0.1875 0.521875
1 0.11875 0.54765625 0.0841796875 0.3828125
1 0.26328125 0.5109375 0.0609375 0.2908203125
1 0.58828125 0.540625 0.0390625 0.3591796875
1 0.53125 0.51796875 0.0595703125 0.2421875
1 0.63515625 0.5421875 0.0703125 0.2595703125
1 0.6765625 0.53515625 0.0591796875 0.2296875
1 0.725 0.54921875 0.0373046875 0.2421875
1 0.76640625 0.5640625 0.0390625 0.303125
1 0.83359375 0.5734375 0.0703125 0.2533203125
1 0.896875 0.53515625 0.0626953125 0.3171875
1 0.9578125 0.5 0.0591796875 0.4125