0 0.15 0.35703125 0.084375 0.0984375
0 0.30859375 0.38515625 0.0671875 0.0484375
0 0.4109375 0.3828125 0.065625 0.04375
0 0.23984375 0.32265625 0.0203125 0.0171875
0 0.53515625 0.43828125 0.0515625 0.0484375
0 0.6625 0.4203125 0.075 0.0625
0 0.18359375 0.73984375 0.0484375 0.1078125
0 0.26484375 0.76328125 0.0984375 0.0984375
0 0.36171875 0.821875 0.1015625 0.115625
0 0.64453125 0.728125 0.0703125 0.128125
0 0.8 0.75234375 0.18125 0.1515625
0 0.93515625 0.78984375 0.0765625 0.0890625
2 0.31328125 0.15859375 0.3421875 0.3140625
2 0.7390625 0.1921875 0.4625 0.36875
2 0.78359375 0.584375 0.1328125 0.125
2 0.88203125 0.56640625 0.0578125 0.1015625
2 0.9265625 0.721875 0.040625 0.040625
2 0.590625 0.584375 0.128125 0.15
2 0.15625 0.64375 0.065625 0.125
2 0.28046875 0.65234375 0.0984375 0.0671875
2 0.3578125 0.74375 0.0625 0.03125
2 0.03125 0.6078125 0.053125 0.16875