0 0.0125 0.34765625 0.021875 0.0765625
0 0.08203125 0.27890625 0.0984375 0.1890625
0 0.221875 0.32421875 0.128125 0.2015625
0 0.20625 0.478125 0.090625 0.05625
0 0.3640625 0.53828125 0.196875 0.1765625
0 0.6265625 0.61875 0.23125 0.215625
0 0.86484375 0.48046875 0.2484375 0.3609375
0 0.47734375 0.41484375 0.2984375 0.1234375
0 0.5359375 0.47734375 0.05625 0.0359375
0 0.325 0.29765625 0.075 0.0890625
0 0.56953125 0.259375 0.2046875 0.146875
2 0.10703125 0.10625 0.1421875 0.1875
2 0.5453125 0.14375 0.103125 0.125
2 0.3203125 0.11875 0.23515625 0.178125