0 0.30234375 0.69375 0.0390625 0.04375
0 0.29765625 0.76171875 0.0484375 0.0390625
0 0.36640625 0.69765625 0.0390625 0.0578125
0 0.37890625 0.77578125 0.0390625 0.0578125
0 0.43359375 0.703125 0.0484375 0.0875
0 0.5171875 0.70546875 0.028125 0.0390625
0 0.5921875 0.74609375 0.03125 0.1078125
2 0.18203125 0.33359375 0.3265625 0.6421875
2 0.49140625 0.18359375 0.2015625 0.2890625
2 0.58984375 0.4390625 0.2265625 0.321875
2 0.79765625 0.19140625 0.2140625 0.3171875
2 0.87421875 0.39296875 0.2265625 0.2984375
2 0.93984375 0.64921875 0.0921875 0.1328125