0 0.44375 0.41796875 0.21875 0.2953125
0 0.2953125 0.634375 0.11875 0.215625
0 0.4453125 0.83046875 0.40625 0.0890625
0 0.63125 0.35 0.084375 0.09375
0 0.6859375 0.53828125 0.034375 0.0515625
0 0.7578125 0.70546875 0.190625 0.2796875
0 0.62421875 0.68359375 0.0578125 0.0515625
0 0.48984375 0.703125 0.0703125 0.05625
0 0.55859375 0.73125 0.0234375 0.021875
0 0.18046875 0.8640625 0.0328125 0.03125
2 0.7734375 0.2625 0.40625 0.515625
2 0.2875 0.425 0.115625 0.165625
2 0.9109375 0.67265625 0.10625 0.2046875