0 0.42109375 0.525 0.0578125 0.084375
0 0.396875 0.690625 0.025 0.103125
0 0.48125 0.70078125 0.021875 0.1015625
0 0.44140625 0.7234375 0.0171875 0.034375
2 0.43125 0.31796875 0.2875 0.3171875
2 0.34296875 0.06875 0.1203125 0.1375
1 0.8328125 0.7546875 0.109375 0.153125
1 0.7609375 0.9125 0.096875 0.175
1 0.65859375 0.89921875 0.0828125 0.1921875
1 0.5515625 0.88125 0.10078125 0.15859375
1 0.540625 0.7328125 0.1125 0.121875
1 0.434375 0.8453125 0.121875 0.209375
1 0.3421875 0.7734375 0.1125 0.128125
1 0.1 0.81875 0.15 0.19140625
1 0.92578125 0.91015625 0.1421875 0.1796875
1 0.9390625 0.759375 0.1 0.07421875