0 0.58359375 0.6109375 0.3640625 0.284375
2 0.3046875 0.440625 0.209375 0.18125
2 0.60390625 0.24140625 0.6390625 0.4265625
1 0.35625 0.64296875 0.07578125 0.1796875
1 0.2609375 0.634375 0.04765625 0.15390625
1 0.2 0.59765625 0.07421875 0.1609375
1 0.0703125 0.57734375 0.07421875 0.1734375
1 0.7859375 0.6921875 0.05390625 0.11640625
1 0.72578125 0.6953125 0.0578125 0.115625
1 0.65625 0.7625 0.05859375 0.146875
1 0.51328125 0.70390625 0.0609375 0.1140625
1 0.44921875 0.659375 0.0328125 0.16484375
1 0.41796875 0.6484375 0.0203125 0.13828125
1 0.72421875 0.8125 0.0828125 0.16875
1 0.88671875 0.8015625 0.0515625 0.18359375