0 0.40546875 0.40859375 0.1921875 0.2671875
2 0.32890625 0.225 0.6515625 0.41875
1 0.3984375 0.7796875 0.09375 0.4375
1 0.89765625 0.67578125 0.0703125 0.2421875
1 0.9734375 0.70234375 0.053125 0.2859375
1 0.5796875 0.6046875 0.06015625 0.16953125
1 0.63203125 0.6 0.0390625 0.13046875
1 0.68203125 0.6109375 0.0234375 0.14296875
1 0.725 0.590625 0.04453125 0.16640625
1 0.3265625 0.671875 0.06796875 0.25
1 0.25390625 0.646875 0.0703125 0.31796875
1 0.109375 0.7171875 0.06796875 0.38828125
1 0.0390625 0.6953125 0.07265625 0.34921875