2 0.328125 0.359375 0.65625 0.71875
0 0.7734375 0.77890625 0.096875 0.1203125
1 0.9453125 0.83984375 0.109375 0.2921875
1 0.37265625 0.82890625 0.0734375 0.2859375
1 0.284375 0.778125 0.0376953125 0.196875
1 0.23125 0.7875 0.0625 0.2220703125
1 0.04296875 0.803125 0.0796875 0.2720703125
1 0.11328125 0.765625 0.0609375 0.1970703125
1 0.44375 0.81328125 0.0654296875 0.1890625
1 0.565625 0.79453125 0.0748046875 0.1703125
1 0.66328125 0.8046875 0.1015625 0.1783203125
2 0.7890625 0.5515625 0.2064453125 0.225