0 0.653125 0.6125 0.2125 0.3375
2 0.74609375 0.22578125 0.2671875 0.4421875
1 0.2578125 0.609375 0.0685546875 0.359375
1 0.3796875 0.63515625 0.1658203125 0.1640625
1 0.4375 0.40625 0.0529296875 0.2751953125
1 0.5046875 0.34375 0.0720703125 0.2560546875
1 0.56953125 0.2421875 0.0703125 0.2751953125
1 0.259375 0.2765625 0.0251953125 0.2470703125
1 0.28359375 0.4546875 0.0546875 0.2283203125
1 0.1890625 0.5328125 0.0654296875 0.2626953125
1 0.3265625 0.3734375 0.0498046875 0.3408203125
1 0.365625 0.35 0.0529296875 0.3154296875
1 0.4296875 0.2015625 0.0564453125 0.2529296875
1 0.2921875 0.15625 0.0529296875 0.1935546875
1 0.1671875 0.265625 0.0595703125 0.28125