0 0.8109375 0.27890625 0.30625 0.3828125
0 0.77265625 0.83125 0.2359375 0.228125
0 0.7015625 0.55234375 0.059375 0.1171875
0 0.96171875 0.56484375 0.0453125 0.0828125
0 0.63125 0.640625 0.05625 0.125
0 0.32734375 0.56953125 0.0390625 0.1515625
0 0.4578125 0.5375 0.084375 0.053125
0 0.51171875 0.5984375 0.0515625 0.090625
0 0.578125 0.58203125 0.040625 0.0921875
0 0.30859375 0.4421875 0.0765625 0.084375
2 0.165625 0.17421875 0.29375 0.3265625
2 0.7921875 0.68046875 0.084375 0.1765625
2 0.37578125 0.81796875 0.0765625 0.1296875
2 0.1203125 0.50234375 0.075 0.2515625
2 0.7546875 0.06875 0.253125 0.10625
2 0.4859375 0.159375 0.278125 0.11015625
2 0.52890625 0.828125 0.1890625 0.090625