0 0.078125 0.68984375 0.071875 0.0515625
0 0.246875 0.7171875 0.159375 0.121875
0 0.3890625 0.77265625 0.084375 0.0703125
0 0.509375 0.81171875 0.075 0.0703125
0 0.58984375 0.853125 0.0578125 0.084375
0 0.65 0.9265625 0.059375 0.071875
0 0.44140625 0.94453125 0.0359375 0.0265625
2 0.478125 0.59921875 0.221875 0.3015625
2 0.67265625 0.775 0.1328125 0.075
2 0.81953125 0.8171875 0.1078125 0.115625
2 0.22578125 0.32109375 0.3703125 0.6078125
2 0.528125 0.12890625 0.159375 0.2390625
2 0.80234375 0.15234375 0.2890625 0.2484375