0 0.13515625 0.58359375 0.2046875 0.1640625
0 0.32421875 0.52421875 0.1171875 0.1078125
0 0.34140625 0.7375 0.0890625 0.096875
0 0.43046875 0.809375 0.0484375 0.0625
0 0.5359375 0.74609375 0.040625 0.0796875
0 0.6234375 0.66796875 0.096875 0.1203125
0 0.74140625 0.634375 0.0703125 0.040625
0 0.8390625 0.621875 0.034375 0.053125
2 0.60078125 0.30859375 0.2046875 0.4578125
2 0.24765625 0.4671875 0.0984375 0.321875
2 0.41640625 0.46015625 0.1015625 0.2484375
1 0.48046875 0.77265625 0.1109375 0.3609375