0 0.175 0.65 0.271875 0.315625
0 0.09609375 0.40234375 0.1859375 0.1859375
0 0.24140625 0.3859375 0.0671875 0.09375
0 0.4140625 0.3859375 0.071875 0.075
0 0.50546875 0.36015625 0.0984375 0.1296875
0 0.6078125 0.39609375 0.059375 0.0859375
0 0.675 0.3953125 0.0625 0.084375
0 0.75 0.41875 0.084375 0.09375
0 0.8296875 0.4203125 0.053125 0.084375
0 0.8890625 0.42421875 0.034375 0.0609375
0 0.93125 0.43515625 0.021875 0.0390625
2 0.465625 0.2390625 0.09375 0.15625
2 0.6296875 0.26875 0.09375 0.125
1 0.378125 0.6796875 0.22578125 0.43828125