0 0.04921875 0.69921875 0.0359375 0.0578125
0 0.1046875 0.6921875 0.04375 0.075
0 0.23828125 0.7765625 0.1390625 0.28125
0 0.33515625 0.69921875 0.0828125 0.0578125
0 0.43046875 0.73046875 0.1296875 0.2359375
0 0.54921875 0.68359375 0.0359375 0.0984375
0 0.58515625 0.709375 0.0265625 0.0625
0 0.6296875 0.68515625 0.10625 0.2515625
0 0.84609375 0.70703125 0.1453125 0.1140625
0 0.93984375 0.725 0.0671875 0.075
2 0.196875 0.46640625 0.1625 0.3015625
2 0.18125 0.14296875 0.16875 0.2484375
2 0.35546875 0.08359375 0.1203125 0.1296875
2 0.40546875 0.4578125 0.1421875 0.28125
2 0.6078125 0.29921875 0.128125 0.5265625
2 0.81328125 0.3234375 0.1828125 0.584375
2 0.04609375 0.2109375 0.0578125 0.165625
0 0.3890625 0.2125 0.065625 0.09375