0 0.525 0.7078125 0.125 0.146875
0 0.68671875 0.64765625 0.1015625 0.2421875
0 0.64296875 0.7625 0.0515625 0.04375
2 0.259375 0.10546875 0.353125 0.2109375
2 0.4359375 0.43125 0.41875 0.41875
1 0.803125 0.9328125 0.0466796875 0.128125
1 0.7703125 0.88828125 0.034375 0.1171875
1 0.7171875 0.8625 0.0439453125 0.1345703125
1 0.90078125 0.83125 0.0421875 0.109375
1 0.8203125 0.7890625 0.0345703125 0.075
1 0.78046875 0.7890625 0.0359375 0.075
1 0.865625 0.5671875 0.034375 0.08125
1 0.79921875 0.575 0.0421875 0.1029296875
1 0.0359375 0.73515625 0.0341796875 0.1109375
1 0.0734375 0.72734375 0.0375 0.0953125
1 0.12265625 0.709375 0.0265625 0.1091796875
1 0.1859375 0.69765625 0.0314453125 0.1109375
1 0.240625 0.690625 0.0376953125 0.0966796875
2 0.115625 0.3828125 0.2123046875 0.2939453125