2 0.1515625 0.81640625 0.0375 0.0796875
0 0.221875 0.86171875 0.053125 0.0609375
0 0.30078125 0.8421875 0.0828125 0.071875
0 0.47578125 0.80859375 0.1390625 0.1703125
2 0.26875 0.4234375 0.321875 0.790625
2 0.61953125 0.41953125 0.3828125 0.8109375
2 0.89765625 0.55859375 0.1859375 0.5171875
2 0.9328125 0.0796875 0.071875 0.09375
1 0.61328125 0.953125 0.0578125 0.09375
1 0.70390625 0.953125 0.0671875 0.0873046875
1 0.84296875 0.95234375 0.0640625 0.0953125
1 0.409375 0.92109375 0.0875 0.1421875
1 0.140625 0.95078125 0.071875 0.0984375
1 0.065625 0.9296875 0.075 0.140625