0 0.653125 0.6125 0.2125 0.3375
2 0.74609375 0.22578125 0.2671875 0.4421875
1 0.2578125 0.609375 0.06796875 0.359375
1 0.3796875 0.63515625 0.16640625 0.1640625
1 0.4375 0.40625 0.05234375 0.27578125
1 0.5046875 0.34375 0.07265625 0.25546875
1 0.56953125 0.2421875 0.0703125 0.27578125
1 0.259375 0.2765625 0.02578125 0.24765625
1 0.28359375 0.4546875 0.0546875 0.22890625
1 0.1890625 0.5328125 0.06484375 0.26328125
1 0.3265625 0.3734375 0.04921875 0.34140625
1 0.365625 0.35 0.05234375 0.31484375
1 0.4296875 0.2015625 0.05703125 0.25234375
1 0.2921875 0.15625 0.05234375 0.19296875
1 0.1671875 0.265625 0.06015625 0.28125