0 0.17421875 0.0609375 0.0359375 0.053125
0 0.23671875 0.121875 0.0265625 0.0625
0 0.27421875 0.175 0.0296875 0.040625
0 0.30390625 0.19921875 0.0203125 0.0265625
0 0.34765625 0.26015625 0.0515625 0.0921875
0 0.39765625 0.309375 0.0171875 0.034375
0 0.42421875 0.3265625 0.0265625 0.03125
0 0.453125 0.36875 0.021875 0.04375
0 0.48671875 0.40234375 0.0296875 0.0484375
0 0.50390625 0.459375 0.0203125 0.04375
0 0.52578125 0.55859375 0.0359375 0.1328125
0 0.4734375 0.6203125 0.05625 0.034375
0 0.346875 0.61875 0.075 0.04375
0 0.4 0.6546875 0.04375 0.04375
0 0.61015625 0.6875 0.0578125 0.040625
0 0.68125 0.725 0.021875 0.025