0 0.07109375 0.26875 0.0828125 0.115625
0 0.24375 0.340625 0.040625 0.0625
0 0.30234375 0.15 0.0390625 0.05625
0 0.35546875 0.63671875 0.0609375 0.0796875
0 0.5515625 0.415625 0.0625 0.075
0 0.61640625 0.2625 0.0203125 0.025
0 0.51328125 0.27890625 0.0484375 0.0828125
0 0.6875 0.49765625 0.040625 0.0796875
0 0.76171875 0.44609375 0.0546875 0.0890625
0 0.79765625 0.625 0.0296875 0.05625
0 0.82890625 0.7671875 0.0515625 0.0625
0 0.74453125 0.9359375 0.0765625 0.096875
0 0.65 0.93359375 0.075 0.0671875
0 0.5671875 0.9578125 0.028125 0.034375
0 0.45625 0.94765625 0.071875 0.0578125
0 0.25390625 0.93984375 0.1109375 0.0484375
0 0.01953125 0.93046875 0.0390625 0.0484375
2 0.9 0.175 0.0625 0.21875
2 0.82265625 0.30390625 0.1015625 0.2546875
2 0.67109375 0.178125 0.0703125 0.290625
2 0.603125 0.1453125 0.04375 0.1875
2 0.509375 0.1328125 0.065625 0.209375
2 0.3734375 0.28046875 0.084375 0.2234375
2 0.27109375 0.13984375 0.1265625 0.2703125
2 0.0796875 0.12109375 0.11875 0.2140625