0 0.18828125 0.228125 0.3390625 0.3875
0 0.5890625 0.16640625 0.228125 0.3109375
0 0.85703125 0.3625 0.2515625 0.490625
1 0.28515625 0.715625 0.0515625 0.2158203125
1 0.3359375 0.72421875 0.03125 0.2078125
1 0.3734375 0.7265625 0.03125 0.2216796875
1 0.41484375 0.73125 0.0265625 0.2251953125
1 0.4734375 0.73671875 0.0625 0.2234375
1 0.525 0.7359375 0.0376953125 0.234375
1 0.57578125 0.74453125 0.0421875 0.2390625
1 0.62109375 0.746875 0.0359375 0.2123046875
1 0.6625 0.746875 0.0533203125 0.234375