0 0.23359375 0.29921875 0.0484375 0.1015625
0 0.39921875 0.19453125 0.0515625 0.1015625
0 0.446875 0.15703125 0.053125 0.0984375
0 0.58046875 0.17421875 0.1015625 0.1640625
0 0.5296875 0.25078125 0.040625 0.0765625
0 0.490625 0.3890625 0.04375 0.209375
0 0.78125 0.3421875 0.0625 0.125
0 0.77734375 0.2 0.0390625 0.075
0 0.9109375 0.240625 0.053125 0.103125
0 0.896875 0.4765625 0.034375 0.096875
0 0.7796875 0.68125 0.04375 0.096875
0 0.49765625 0.84609375 0.0578125 0.1328125
0 0.2359375 0.6078125 0.040625 0.090625