2 0.209375 0.45078125 0.41875 0.2796875
2 0.846875 0.325 0.3060546875 0.6126953125
2 0.18046875 0.0578125 0.3140625 0.115625
2 0.5578125 0.1078125 0.3158203125 0.2029296875
2 0.5515625 0.4765625 0.2314453125 0.31875
1 0.371875 0.12109375 0.0873046875 0.2421875
1 0.621875 0.1796875 0.0685546875 0.2123046875
1 0.4328125 0.4921875 0.0591796875 0.2248046875
1 0.48984375 0.52578125 0.0328125 0.2421875
1 0.15 0.5140625 0.05 0.1439453125
1 0.1875 0.5421875 0.03125 0.15
1 0.728125 0.6625 0.2501953125 0.675