2 0.48671875 0.31328125 0.2703125 0.5828125
0 0.559375 0.615625 0.03828125 0.028125
1 0.3734375 0.753125 0.053125 0.26953125
1 0.41640625 0.703125 0.0265625 0.18203125
1 0.4609375 0.7453125 0.03984375 0.246875
1 0.50625 0.7078125 0.02421875 0.171875
1 0.5640625 0.7109375 0.02265625 0.17265625
1 0.584375 0.69921875 0.03125 0.1421875
1 0.615625 0.6828125 0.01875 0.11015625
1 0.53828125 0.6765625 0.0203125 0.14296875
1 0.4875 0.68359375 0.02265625 0.1265625
1 0.3921875 0.6375 0.02109375 0.065625
1 0.5234375 0.65 0.015625 0.07265625