2 0.3703125 0.36171875 0.53203125 0.7234375
1 0.9421875 0.934375 0.03984375 0.12890625
1 0.6203125 0.92421875 0.025 0.1515625
1 0.63671875 0.9234375 0.0140625 0.14296875
1 0.65859375 0.93125 0.0390625 0.13515625
1 0.5921875 0.925 0.02734375 0.15
1 0.5390625 0.928125 0.08125 0.14375
1 0.50703125 0.91796875 0.0359375 0.0859375
1 0.30703125 0.9453125 0.0546875 0.109375
1 0.25078125 0.9421875 0.0609375 0.115625
1 0.7015625 0.93125 0.03046875 0.13671875
1 0.7234375 0.9296875 0.025 0.13984375
1 0.7609375 0.9140625 0.03125 0.171875
1 0.80390625 0.928125 0.0296875 0.14375
1 0.83515625 0.928125 0.0390625 0.14375
1 0.86015625 0.9265625 0.0515625 0.11015625
1 0.90625 0.9375 0.025 0.125