2 0.39609375 0.403125 0.7890625 0.8
1 0.478125 0.925 0.0626953125 0.15
1 0.2984375 0.440625 0.4939453125 0.1310546875
1 0.771875 0.9015625 0.0654296875 0.196875
1 0.678125 0.7328125 0.0439453125 0.125
1 0.3171875 0.859375 0.0341796875 0.1
1 0.3859375 0.9046875 0.0439453125 0.1591796875
1 0.4234375 0.90625 0.0126953125 0.128125
1 0.3484375 0.7984375 0.01875 0.103125
1 0.1296875 0.834375 0.0345703125 0.1
1 0.1546875 0.7859375 0.028125 0.1060546875
1 0.0734375 0.72734375 0.0251953125 0.0640625
1 0.2421875 0.77734375 0.028125 0.1140625
1 0.20625 0.78671875 0.01875 0.0890625
1 0.59375 0.8890625 0.0248046875 0.1439453125
1 0.61875 0.871875 0.01875 0.125
1 0.559375 0.80625 0.021875 0.078125