2 0.7140625 0.22578125 0.565625 0.4234375
0 0.61953125 0.4859375 0.2265625 0.096875
0 0.825 0.459375 0.046875 0.04453125
0 0.6421875 0.603125 0.01015625 0.02421875
0 0.590625 0.6375 0.01875 0.01484375
0 0.46875 0.6296875 0.02109375 0.03125
0 0.4109375 0.6171875 0.03671875 0.05625
0 0.23828125 0.6109375 0.0140625 0.01796875
0 0.2046875 0.61796875 0.021875 0.0265625
0 0.19375 0.6546875 0.0125 0.01875
0 0.1625 0.61875 0.02265625 0.02109375
1 0.33984375 0.746875 0.0328125 0.06171875
1 0.77890625 0.884375 0.1078125 0.23125