2 0.74921875 0.45234375 0.5015625 0.7140625
2 0.3953125 0.41875 0.215625 0.28046875
2 0.1796875 0.4859375 0.359375 0.971875
0 0.3765625 0.1 0.11328125 0.178125
0 0.4453125 0.29765625 0.10234375 0.1390625
0 0.26875 0.27734375 0.09296875 0.1140625
0 0.22890625 0.43984375 0.0578125 0.0890625
0 0.41328125 0.5390625 0.0265625 0.09453125
0 0.48125 0.65390625 0.06484375 0.2859375
0 0.2984375 0.61484375 0.11953125 0.0609375
0 0.40390625 0.728125 0.0484375 0.09453125
0 0.184375 0.8140625 0.13515625 0.221875